[-0.3022657064649273, -3.0694520338284845, 4.862076737916578]
[-0.3022657064649273, -3.0694520338284845, 4.862076737916578]
[-0.3022657064649273, -3.0694520338284845, 4.862076737916578]
[-0.30231782537397456, -3.1156349545730104, 4.863102299277077]
[-0.2956733124735663, -3.119635515765793, 4.860497555649511]
[-0.2961957759960887, -3.075445605993403, 4.850511253437734]
[-0.2986667844289938, -3.0787806293803035, 4.848886005307989]
[-0.2976747818413068, -3.0964925321558368, 4.847864058563662]
[-0.3029096609260979, -3.088664116317185, 4.8740655783502564]
[-0.296723034783445, -3.062555878047036, 4.854707184965277]
[-0.3001730703874113, -3.0774990071676838, 4.860324056476237]
[-0.3061221011409332, -3.129794783257846, 4.883613960658905]
[-0.3063826216794813, -3.105206305301344, 4.872957454542054]
[-0.3022667429150365, -3.1193599201020157, 4.8629510608967506]
[-0.296723034783445, -3.062555878047036, 4.854707184965277]
[-0.2961957759960887, -3.075445605993403, 4.850511253437734]
[-0.2946156889899501, -3.070545530550372, 4.8529338155934125]
[-0.3018845418512016, -3.09735759895359, 4.872383274645105]
[-0.2961957759960887, -3.075445605993403, 4.850511253437734]
[-0.29776990411310045, -3.1116052197921675, 4.862263971025194]
[-0.3029493707322134, -3.125956674943127, 4.874957375754208]
[-0.3016421364060803, -3.0984763523384853, 4.857658468302217]
[-0.29880158521716366, -3.0899263343644643, 4.864087922496549]
[-0.2946156889899501, -3.070545530550372, 4.8529338155934125]
[-0.296723034783445, -3.062555878047036, 4.854707184965277]
[-0.29819066995519344, -3.0692386642454976, 4.858858539139738]
[-0.29870664510332195, -3.056344088963612, 4.862986619793305]
[-0.2996518098910345, -3.090382997384172, 4.856200274252485]
[-0.2941035783690315, -3.0834432091886215, 4.848845358135728]
[-0.2961957759960887, -3.075445605993403, 4.850511253437734]
[-0.2976747818413068, -3.0964925321558368, 4.847864058563662]
[-0.2961957759960887, -3.075445605993403, 4.850511253437734]
[-0.30079818659873675, -3.048222604620847, 4.864763399540943]
[-0.30079818659873675, -3.048222604620847, 4.864763399540943]
[-0.30079818659873675, -3.048222604620847, 4.864763399540943]
[-0.296723034783445, -3.062555878047036, 4.854707184965277]
[-0.3016421364060803, -3.0984763523384853, 4.857658468302217]
[-0.30742528354048476, -3.0667636014987107, 4.879513613578241]
[-0.3022667429150365, -3.1193599201020157, 4.8629510608967506]
[-0.30079818659873675, -3.048222604620847, 4.864763399540943]
[-0.3049905061727639, -3.080343075499041, 4.875905324901004]
[-0.3063826216794813, -3.105206305301344, 4.872957454542054]
[-0.29819066995519344, -3.0692386642454976, 4.858858539139738]
[-0.2946156889899501, -3.070545530550372, 4.8529338155934125]
[-0.2976747818413068, -3.0964925321558368, 4.847864058563662]
[-0.30079818659873675, -3.048222604620847, 4.864763399540943]
[-0.2955811717993886, -3.104417966704066, 4.846221813836447]
[-0.30079818659873675, -3.048222604620847, 4.864763399540943]
[-0.30079818659873675, -3.048222604620847, 4.864763399540943]
[-0.3002661559233276, -3.0611087889018513, 4.860524964020488]
[-0.3022657064649273, -3.0694520338284845, 4.862076737916578]
[-0.296723034783445, -3.062555878047036, 4.854707184965277]
[-0.296723034783445, -3.062555878047036, 4.854707184965277]
[-0.3002661559233276, -3.0611087889018513, 4.860524964020488]
[-0.3022667429150365, -3.1193599201020157, 4.8629510608967506]
[-0.30079818659873675, -3.048222604620847, 4.864763399540943]
[-0.3017286282400331, -3.0823263118330297, 4.857843281630991]
[-0.30294678629628513, -3.075416686327496, 4.874121255821559]
[-0.30079818659873675, -3.048222604620847, 4.864763399540943]
[-0.300263993490419, -3.1111373808028793, 4.861418430296691]
[-0.3049905061727639, -3.080343075499041, 4.875905324901004]
[-0.3016421364060803, -3.0984763523384853, 4.857658468302217]
[-0.29880158521716366, -3.0899263343644643, 4.864087922496549]
[-0.3022667429150365, -3.1193599201020157, 4.8629510608967506]
[-0.30079818659873675, -3.048222604620847, 4.864763399540943]
[-0.296723034783445, -3.062555878047036, 4.854707184965277]
[-0.29870664510332195, -3.056344088963612, 4.862986619793305]
[-0.296723034783445, -3.062555878047036, 4.854707184965277]
[-0.3016421364060803, -3.0984763523384853, 4.857658468302217]
[-0.296723034783445, -3.062555878047036, 4.854707184965277]
[-0.2961957759960887, -3.075445605993403, 4.850511253437734]
[-0.29880158521716366, -3.0899263343644643, 4.864087922496549]
[-0.2946156889899501, -3.070545530550372, 4.8529338155934125]
[-0.29819066995519344, -3.0692386642454976, 4.858858539139738]
[-0.30079818659873675, -3.048222604620847, 4.864763399540943]
[-0.30079818659873675, -3.048222604620847, 4.864763399540943]
[-0.29870664510332195, -3.056344088963612, 4.862986619793305]
[-0.296723034783445, -3.062555878047036, 4.854707184965277]
[-0.3002661559233276, -3.0611087889018513, 4.860524964020488]
[-0.3018987464275148, -3.0893318643368297, 4.879692072199622]
[-0.309313528915449, -3.074878751616777, 4.90133629727199]
[-0.31509737487737993, -3.057320753053747, 4.916550535082844]
[-0.32986517432181284, -3.1134609912718387, 4.9515639212497]
[-0.33519553426472853, -3.0727489462413393, 4.990396847883249]
[-0.3439258952510126, -3.0331711202561267, 5.012577158608839]
[-0.3557383212219351, -3.0373294855065036, 5.028326039194464]
[-0.3644836266121789, -2.984338707210265, 5.072627241455561]
[-0.37501463801374807, -2.9662191928618507, 5.091960452987592]
[-0.39122956501922207, -2.9824009596244134, 5.14596593457353]
[-0.4005551578419754, -2.9942308164973137, 5.1702567546857505]
[-0.41263312657090934, -2.919619081447695, 5.212862081048494]
[-0.4249240061762644, -2.9017205544060563, 5.25646008866468]
[-0.4323036784126878, -2.921090152629179, 5.280139296984833]
[-0.4469253308637176, -2.8862813341064757, 5.339230288094544]
[-0.45273220312241425, -2.875975893830455, 5.370748053648471]
[-0.45678720080678314, -2.8840023417370424, 5.4213941691744]
[-0.46389572618573927, -2.83243929612612, 5.4620995618461645]
[-0.47390339742432425, -2.8357460119775832, 5.502517721659663]
[-0.47134005332839235, -2.82088655420515, 5.516068420705458]
[-0.4846918558599832, -2.8274015715172505, 5.581003918782252]
[-0.4907419587079597, -2.7456953112264872, 5.630173299936084]
[-0.5003219750403354, -2.8215022131161986, 5.666917570449686]
[-0.49759541362808263, -2.7525140095606506, 5.6919907295609935]
[-0.5067228371857171, -2.7300929236796794, 5.7423276347184125]
[-0.5084560325392857, -2.7090988690679065, 5.765325254082608]
[-0.51780048701974, -2.7442605846055135, 5.817768830888892]
[-0.5285951816604371, -2.738416396002102, 5.86732752656864]
[-0.5328448541175814, -2.678327516239086, 5.904081521246204]
[-0.538709066961278, -2.723520741713338, 5.953498141869314]
[-0.5406554978272476, -2.6207490453881164, 5.973071737709054]
[-0.5547270046544841, -2.5977662877358876, 6.0414809496695465]
[-0.55661377274301, -2.5877828110358307, 6.080237155632477]
[-0.5570358597688572, -2.610843538863219, 6.113463356927484]
[-0.5662063973019813, -2.6035344133166527, 6.163856110338249]
[-0.5740888149690098, -2.5382777318156076, 6.20447142463828]
[-0.5747303509118691, -2.5462101774850843, 6.239794155892282]
[-0.5799837105143358, -2.526975102891933, 6.264531555953474]
[-0.5861711920861447, -2.530857322575281, 6.3387692399720335]
[-0.5888454642081234, -2.4679198140585794, 6.34311482090988]
[-0.5970576425364114, -2.5591883523099144, 6.407767234840331]
[-0.6023865751969915, -2.4898303980937917, 6.4325913527004595]
[-0.6124522120117665, -2.411103455259624, 6.489545107517575]
[-0.6118545378428528, -2.424419726681918, 6.516501930814628]
[-0.6220215368332381, -2.353736013156694, 6.574228293466675]
[-0.6201475023636892, -2.3825077693847487, 6.591295805531111]
[-0.6243052668783284, -2.3332396426329525, 6.628695412382073]
[-0.6332187665380972, -2.358302728055974, 6.676882833010243]
[-0.6405599564227037, -2.3817589140443762, 6.716596109620167]
[-0.6435302063774135, -2.304462043679179, 6.763948749468658]
[-0.6479868895742804, -2.3164445230787956, 6.804211671719182]
[-0.6589527417040894, -2.3054713326693648, 6.8680827118508105]
[-0.6586633292071182, -2.249360293787794, 6.89926857983464]
[-0.6747678746988516, -2.2507573168125576, 6.975229963394311]
[-0.6728417271124096, -2.286436391514203, 6.993698079015255]
[-0.6743977557781868, -2.18738070363412, 7.0105940489652285]
[-0.6826587490482279, -2.198313068871464, 7.052566504512786]
[-0.6909934830914439, -2.1927428641128364, 7.119987381033993]
[-0.6923662416284007, -2.170054633851239, 7.13990228031517]
[-0.6993749292040267, -2.150406547651239, 7.197148215514275]
[-0.7080126342084411, -2.144187644988193, 7.26736776862683]
[-0.7075867959179588, -2.1489554234642294, 7.272630682870164]
[-0.7111746039526935, -2.1149249151964233, 7.302109168992487]
[-0.7220565819854899, -2.1423418372101386, 7.391102920352364]
[-0.7200987216035398, -2.070634629839052, 7.383869914684891]
[-0.7290923371779372, -2.0630690082187497, 7.458089416131283]
[-0.7382660605771797, -2.0001088552287416, 7.5062783588187605]
[-0.7452758991335866, -2.04838332464951, 7.540611016436566]
[-0.7457857436507866, -1.9905097817162427, 7.572609062901583]
[-0.7567765220987052, -2.003072005165069, 7.639534365742946]
[-0.7602780966404621, -2.009949611094846, 7.640328304280697]
[-0.7646037106509909, -1.917296119682966, 7.708396098547333]
[-0.7682003547878424, -1.912867825426684, 7.713456116966845]
[-0.7744917589420903, -1.9724888821096713, 7.794416522952777]
[-0.7843656618236259, -1.906324599261021, 7.847215077379036]
[-0.7881283598306276, -1.8855178638046397, 7.882561239590545]
[-0.7941223711472779, -1.8517133756009627, 7.902943844691153]
[-0.8028609361790171, -1.9058045531350118, 7.975166824064135]
[-0.8068564938014922, -1.8800553132563962, 8.012464864795446]
[-0.8013574458103601, -1.8525026921004797, 8.034852318922807]
[-0.811759819952697, -1.7838865579267413, 8.091577977111013]
[-0.8236551382276704, -1.7497176855619927, 8.129760043019555]
[-0.8182797361780834, -1.7993144493224715, 8.150048384420682]
[-0.8302698544946333, -1.7649732857180558, 8.18856038413908]
[-0.84003181914279, -1.718218592277355, 8.305178253873954]
[-0.8469270601237718, -1.6515804858428058, 8.366929800248943]
[-0.8539859946618014, -1.7442838377207415, 8.430093976052431]
[-0.8766912138922013, -1.6934822493667774, 8.551839507269825]
[-0.8799740380896015, -1.6267920291153735, 8.615853110645286]
[-0.8765044731763557, -1.6102086672573033, 8.558255980384908]
[-0.8839874129392575, -1.5422105211720445, 8.621074360345565]
[-0.8992779417749838, -1.568085952352504, 8.753228758275437]
[-0.9150793588193759, -1.4988111489970355, 8.889948836544628]
[-0.9187122073703502, -1.516083228556293, 8.966588585416785]
[-0.931170805139028, -1.4490589043741804, 9.03370868003296]
[-0.9382947123458082, -1.5092564763799656, 9.136964390706845]
[-0.9415425081078649, -1.4675267161347874, 9.164608279134946]
[-0.9610861906467134, -1.3937572887194678, 9.255146872502797]
[-1.082260146714233, -1.2916682741988172, 9.328195976478169]
[-0.9969209785809886, -1.2636780887498589, 9.574672615437013]
[-1.0016022686662507, -1.1898109118906819, 9.655948185236316]
[-1.0071490830887695, -1.2262112725133927, 9.62776036596073]
[-1.0062312108480318, -1.1847729053164926, 9.661185594954764]
[-1.035280006460942, -1.2261038645687548, 9.90926377527949]
[-1.0314144320655048, -1.1732935566028722, 9.880156664682943]
[-1.0597812853996469, -1.1063044250020042, 10.126924004726108]
[-1.0709314016703422, -1.0654068825219394, 10.186256734329426]
[-1.0661503233992216, -1.0602588925569245, 10.189069120310387]
[-1.0774808109082872, -1.0188881514228492, 10.242332970888558]
[-1.0925011735297296, -0.9860564864609598, 10.374790527046617]
[-1.0767782236635055, -0.9741895780369904, 10.287080983375468]
[-1.098417164766252, -1.0045317246732095, 10.470491167288163]
[-1.1104790840251166, -0.9497865783655058, 10.532777021383293]
[-1.1099404890068474, -0.9034849013881044, 10.573834919949059]
[-1.1211572848373053, -0.9218312944385215, 10.670472256588972]
[-1.1218109698052023, -0.8597202774787942, 10.637535360682458]
[-1.1218109698052023, -0.8597202774787942, 10.637535360682458]
[-1.1334854541222519, -0.8656556688313746, 10.741631345578929]
[-1.140264858628419, -0.8713590950700357, 10.843491671333151]
[-1.1453693996160363, -0.8778589641298464, 10.844304893247562]
[-1.144324687522652, -0.7908635695626088, 10.926053572730325]
[-1.144985885127607, -0.8286354613829088, 10.891194783299584]
[-1.1574323271232434, -0.7831063698981329, 10.952053540246311]
[-1.1698130758429106, -0.6876033781911765, 11.059130245805495]
[-1.1644293291212944, -0.794872430911988, 11.06041507388962]
[-1.177008857817228, -0.6987063501679877, 11.16970111082414]
[-1.1637640099594218, -0.6985448303183983, 11.15139992438851]
[-1.1767044340758592, -0.6469963101015039, 11.219438000132504]
[-1.2806265591894093, -0.6325102596898493, 11.222836251192003]
[-1.1952454186210086, -0.70179421519015, 11.286587998831395]
[-1.195132727106348, -0.6510421021211061, 11.334728473952076]
[-1.1897583195165702, -0.6457820801402315, 11.337098161688537]
[-1.216231203171944, -0.6129847455090196, 11.518548682923559]
[-1.2082206413773107, -0.660366706378483, 11.452264585426075]
[-1.208250683055548, -0.4975420037095507, 11.502610546109862]
[-1.208338873941507, -0.550647348054184, 11.456337202117536]
[-1.3179285810555033, -0.5447467628290926, 11.576673727054484]
[-1.235214062916135, -0.5088828839919347, 11.644167252410703]
[-1.2355589210588855, -0.5626006368500857, 11.6947331341135]
[-1.2439069679466952, -0.5065391529622693, 11.767731388802458]
[-1.2580050728464274, -0.5217028344781026, 11.890789688190747]
[-1.2693046053643715, -0.5212841972596949, 11.893282053459474]
[-1.2496205673776069, -0.45796164817599355, 11.824312091791962]
[-1.2636937537930408, -0.40616826320090593, 11.896049822806857]
[-1.2636937537930408, -0.40616826320090593, 11.896049822806857]
[-1.278333626423468, -0.4080503849788118, 12.02727069527636]
[-1.2786613592674259, -0.4683185540552172, 12.079288006297102]
[-1.2937019926165507, -0.35944666857538016, 12.211090113989187]
[-1.293255618788271, -0.4162907253612083, 12.157693399713287]
[-1.379475383327854, -0.45626565409699305, 12.217006239276284]
[-1.2993279130253326, -0.36440847057863823, 12.214127675407905]
[-1.2936668929303674, -0.35907917926898086, 12.217661754390694]
[-1.3084704489979841, -0.3048830521724595, 12.29424791560107]
[-1.4004527140574037, -0.23378574795966836, 12.35667418876453]
[-1.3089971218778187, -0.24770335756581338, 12.352661702536915]
[-1.3304811521643511, -0.25331505070546617, 12.490468493068313]
[-1.3401017687659862, -0.19172397228735513, 12.574789919542576]
[-1.421872332311979, -0.23385417456362328, 12.499498521699298]
[-1.3520996634988756, -0.1915307111662814, 12.577097118043307]
[-1.4433422187379201, -0.1849278073887958, 12.703434418225173]
[-1.3563751855523938, -0.19652633510258036, 12.721018847740362]
[-1.3622485060846605, -0.2026416906031932, 12.720355036673647]
[-1.3631235167701028, -0.14238843093998357, 12.78016943846169]
[-1.3702703884329526, -0.07555634394150898, 12.846467259167932]
[-1.385386974613873, -0.07831108162478215, 12.870291657612007]
[-1.385386974613873, -0.07831108162478215, 12.870291657612007]
[-1.4686913594398772, -0.009066143298452041, 12.940914870554412]
[-1.3963076616572163, -0.08305590594115898, 13.021878239020829]
[-1.4027054712647862, -0.07658675512633402, 13.024667771799873]
[-1.4036853632005277, -0.01478187043592515, 13.089857913772422]
[-1.4921073204301796, -0.006262514475100779, 13.098423769591722]
[-1.4984501292721282, -0.000738210046460813, 13.09746919833468]
[-1.5151842740565116, -0.0027419577307249816, 13.254221369584924]
[-1.4384999477172176, -0.07952081659741894, 13.340565637700724]
[-1.4384553865643517, 0.04367935928794544, 13.340116649155858]
[-1.4460098241874237, 0.10192077296302057, 13.40602397527384]
[-1.4524716170922147, -0.020576267781722547, 13.407773372265497]
[-1.4602887560116393, 0.1674525024569026, 13.475823543288168]
[-1.4526732265693327, 0.10790244685979515, 13.412582106661782]
[-1.469926426235745, 0.17076825272428026, 13.504749628178805]
[-1.477918236841961, 0.11262040536215312, 13.574108224069569]
[-1.4887701200363017, 0.17031607598348794, 13.67145573340486]
[-1.489183999350821, 0.17562801856109292, 13.675202744477637]
[-1.4908394328915127, 0.11018724778858185, 13.745434109715788]
[-1.5174028415634868, 0.24843622921725866, 13.920217671212178]
[-1.5951689104623037, 0.1232756327480162, 13.932314491123272]
[-1.508809321051643, 0.17526671109810124, 13.848865023901041]
[-1.5951689104623037, 0.1232756327480162, 13.932314491123272]
[-1.5355555648192596, 0.17337466711718033, 14.020877983061961]
[-1.5170861216224152, 0.2368455519565009, 13.920785642428582]
[-1.5289982587248712, 0.3087100271855822, 14.024427773029283]
[-1.5374968319366635, 0.3716432165261622, 14.09821315489317]
[-1.551642077414299, 0.38032373985149703, 14.282871912309805]
[-1.5497854107921027, 0.3154912254228773, 14.20866836425771]
[-1.5584472502776547, 0.3794185659356925, 14.28400148309206]
[-1.5497945945962341, 0.31510817974380934, 14.21166989175598]
[-1.6426482744007875, 0.38835511854389787, 14.301793418985401]
[-1.5780044147811212, 0.32244852945136415, 14.39560373400744]
[-1.5799894195367223, 0.3820295466830801, 14.474916147420311]
[-1.5799894195367223, 0.3820295466830801, 14.474916147420311]
[-1.5733593435264104, 0.38769980116312097, 14.47962945698208]
[-1.5928344872201363, 0.4577920938693502, 14.58688124721706]
[-1.5928344872201363, 0.4577920938693502, 14.58688124721706]
[-1.585987662636261, 0.46338845054132427, 14.590297777877081]
[-1.5953631450806944, 0.5301147004593014, 14.672331721184312]
[-1.6080214300708537, 0.46007510144720004, 14.783093666897312]
[-1.6080214300708537, 0.46007510144720004, 14.783093666897312]
[-1.6012209608024477, 0.46709958824259845, 14.790975560453083]
[-1.6852577356796954, 0.5499142193350318, 14.888958811746283]
[-1.6923818349250732, 0.55539483476326, 14.887144874958308]
[-1.6923818349250732, 0.55539483476326, 14.887144874958308]
[-1.6858678561589302, 0.549235618895312, 14.891987832451441]
[-1.6384417771474284, 0.6141404604500634, 14.994435199390754]
[-1.6384417771474284, 0.6141404604500634, 14.994435199390754]
[-1.634160976575426, 0.5506697821099564, 15.0843698117476]
[-1.6549158030915243, 0.6251397924860997, 15.20120756095048]
[-1.6549158030915243, 0.6251397924860997, 15.20120756095048]
[-1.6544576455100486, 0.613881656079659, 15.200051048181622]
[-1.6865026921256836, 0.631066015368293, 15.414909585087743]
[-1.6579978647044955, 0.7023754362931691, 15.297589095383271]
[-1.6579978647044955, 0.7023754362931691, 15.297589095383271]
[-1.6897687422517331, 0.8520400029757924, 15.510496611735821]
[-1.6864230706745067, 0.7731762814195957, 15.41729245407318]
[-1.7547689670441469, 0.8665789944387742, 15.52826548896995]
[-1.7071969087160237, 0.8604585647548681, 15.732002416794758]
[-1.7038246675650233, 0.7807779912572421, 15.63729311490088]
[-1.7041935223208082, 0.7925858813061585, 15.643347968267038]
[-1.7870023994930941, 0.8703291016984424, 15.755837692152182]
[-1.7299098255911607, 0.801154346126294, 15.866824710288133]
[-1.7299098255911607, 0.801154346126294, 15.866824710288133]
[-1.7374169001791588, 0.9471350470270924, 15.86713172028439]
[-1.745074679123456, 0.9533879979630477, 15.868670024435774]
[-1.7563461532788185, 1.0297300769170397, 15.96706107814703]
[-1.7526746537876396, 0.9647286218467767, 16.070453140571733]
[-1.8454860164592284, 0.9020875730973863, 16.223152976420856]
[-1.8454860164592284, 0.9020875730973863, 16.223152976420856]
[-1.7639154287885415, 0.9586131302194557, 16.10258173641851]
[-1.7639154287885415, 0.9586131302194557, 16.10258173641851]
[-1.7717786730875742, 0.964803223315207, 16.104885645491372]
[-1.775931725870073, 1.0480949685347112, 16.210893500203337]
[-1.775931725870073, 1.0480949685347112, 16.210893500203337]
[-1.7914267404165483, 0.9760058477650375, 16.347162635923652]
[-1.8653365057688671, 1.0643591383241373, 16.474324560391672]
[-1.81965459007651, 1.1461970045087853, 16.594985178227414]
[-1.8276750012026641, 0.9936733944646802, 16.596804299768948]
[-1.8276750012026641, 0.9936733944646802, 16.596804299768948]
[-1.8276750012026641, 0.9936733944646802, 16.596804299768948]
[-1.8401872936810157, 1.0740329229835164, 16.706182858352264]
[-1.832338431198099, 1.0797220515437231, 16.709609680563574]
[-1.848741294192899, 1.0055614136547126, 16.853884006386654]
[-1.9292057982486006, 1.1035280681595934, 16.98695274103851]
[-1.9292057982486006, 1.1035280681595934, 16.98695274103851]
[-1.8486625557322292, 1.1614542597024675, 16.853034665656416]
[-1.8562865180422858, 1.1554732514815589, 16.84991070796364]
[-1.861918140482656, 1.2563826387638368, 16.97258162551799]
[-1.861918140482656, 1.2563826387638368, 16.97258162551799]
[-1.959215007271589, 1.2834079669538587, 17.25923403695642]
[-1.8870682361802515, 1.3466390311755654, 17.119634816470843]
[-1.9177791127980823, 1.3583185145586827, 17.38828015676129]
[-1.9598627821378174, 1.2828159751567851, 17.262272965242925]
[-1.9598627821378174, 1.2828159751567851, 17.262272965242925]
[-1.9598627821378174, 1.2828159751567851, 17.262272965242925]
[-1.96853179793575, 1.277343154004399, 17.26421741119172]
[-1.9265067438640229, 1.365136411893524, 17.396306021690858]
[-1.9182513496527818, 1.3706290031721338, 17.398848144115515]
[-1.9990363998406289, 1.4623398530105833, 17.542211730888152]
[-1.9504442675544613, 1.3898988609041862, 17.678118454882295]
[-1.9504442675544613, 1.3898988609041862, 17.678118454882295]
[-1.9503994702974699, 1.3907247203881683, 17.68110203765942]
[-1.9503994702974699, 1.3907247203881683, 17.68110203765942]
[-1.9921827185405163, 1.4098464487872275, 17.969644733628996]
[-1.9647804938979534, 1.4796870030326517, 17.80717782201493]
[-1.9647804938979534, 1.4796870030326517, 17.80717782201493]
[-1.9708927435071615, 1.5757148291457352, 17.93828076162288]
[-1.9708927435071615, 1.5757148291457352, 17.93828076162288]
[-1.992038586019783, 1.5760945947407123, 17.971728567453464]
[-2.055328882401399, 1.5171438008343514, 18.13105394613887]
[-2.054907948109974, 1.6899673410335243, 18.127150701809207]
[-1.9749148819555467, 1.5765627791084604, 17.976478096285607]
[-1.9749148819555467, 1.5765627791084604, 17.976478096285607]
[-2.055328882401399, 1.5171438008343514, 18.13105394613887]
[-2.026708255505566, 1.605849541638902, 18.27804095654798]
[-2.0180314217351993, 1.6114328426888664, 18.2807093988732]
[-2.0180314217351993, 1.6114328426888664, 18.2807093988732]
[-2.0982580898897876, 1.710179926631932, 18.44076727299519]
[-2.062409549594634, 1.8074529414409541, 18.590150079874043]
[-2.107218953371047, 1.7159088276153347, 18.440016641203737]
[-2.107218953371047, 1.7159088276153347, 18.440016641203737]
[-2.071408403468544, 1.636336420623627, 18.5922022686637]
[-2.078354371814925, 1.9164969024581697, 18.732832092088955]
[-2.098774471695107, 1.8415767745777896, 18.9117126252383]
[-2.1785257365762902, 1.9531363516592606, 19.086157494906242]
[-2.143044811103033, 1.921984903215101, 18.76181413499209]
[-2.0992055694564487, 1.8365373521689097, 18.91542348013163]
[-2.0992055694564487, 1.8365373521689097, 18.91542348013163]
[-2.115935469084918, 1.765997402786663, 19.06197585840624]
[-2.108506667354767, 1.8430482372039187, 18.918554999991937]
[-2.108506667354767, 1.8430482372039187, 18.918554999991937]
[-2.125276983394878, 1.9422730324684745, 19.064710674118064]
[-2.1173557295433, 1.8371596388453233, 18.917330277788484]
[-2.1646960641463244, 1.865443257627974, 19.246345591457274]
[-2.165361542773692, 1.8782596771305708, 19.25533195543033]
[-2.165361542773692, 1.8782596771305708, 19.25533195543033]
[-2.2456544506293583, 1.9850398121502513, 19.434218204252424]
[-2.1654062092767012, 2.0566470317857233, 19.255539840491092]
[-2.1559443548950306, 2.051189194222396, 19.255281536253733]
[-2.1559443548950306, 2.051189194222396, 19.255281536253733]
[-2.227721645752221, 1.9853409613322053, 19.439130856016163]
[-2.227721645752221, 1.9853409613322053, 19.439130856016163]
[-2.227721645752221, 1.9853409613322053, 19.439130856016163]
[-2.2448990528531385, 1.9137897150051304, 19.59380995561413]
[-2.2270351332140703, 2.1245543385859427, 19.955596666925242]
[-2.1774776506090965, 2.091268396176296, 19.60995587492269]
[-2.1774776506090965, 2.091268396176296, 19.60995587492269]
[-2.257882055043704, 2.213307536906585, 19.795011167272374]
[-2.257882055043704, 2.213307536906585, 19.795011167272374]
[-2.257882055043704, 2.213307536906585, 19.795011167272374]
[-2.237451161801098, 2.126763957992665, 19.96732773134339]
[-2.237451161801098, 2.126763957992665, 19.96732773134339]
[-2.2282582872237895, 2.3230408815290517, 19.97238641529058]
[-2.2375756033813166, 2.246199083740888, 20.137701709589503]
[-2.256526736244609, 2.3555040039435853, 20.303896848704266]
[-2.256526736244609, 2.3555040039435853, 20.303896848704266]
[-2.2906280438447775, 2.4749905100067675, 20.51412717647123]
[-2.237694385740483, 2.2461252131947713, 20.141253298040155]
[-2.271130953565444, 2.363514763957909, 20.347433312908215]
[-2.271130953565444, 2.363514763957909, 20.347433312908215]
[-2.271130953565444, 2.363514763957909, 20.347433312908215]
[-2.290362734247644, 2.291331774695778, 20.515700256789493]
[-2.28063934684472, 2.285939596710541, 20.518727530670162]
[-2.3254506415661385, 2.406088360356266, 20.736418453460335]
[-2.3055624768305405, 2.4054408081220373, 20.737599007751978]
[-2.3963432078001707, 2.53271007500751, 20.949511783618792]
[-2.325764749486544, 2.5264128466902123, 20.914902949327637]
[-2.3156732733262952, 2.604129954115658, 20.73972100452027]
[-2.3963432078001707, 2.53271007500751, 20.949511783618792]
[-2.4061649368214812, 2.732139302797484, 20.94525293411574]
[-2.4061649368214812, 2.732139302797484, 20.94525293411574]
[-2.427068169759913, 2.8510596701356685, 21.1321011247945]
[-2.427068169759913, 2.8510596701356685, 21.1321011247945]
[-2.3619705880539774, 2.8535021682785664, 21.144609515443477]
[-2.387785191795167, 2.989024735261035, 21.370226571031324]
[-2.351804826244933, 3.0486376069453813, 21.14627135542748]
[-2.3620634908675884, 3.054915312850233, 21.1480569329352]
[-2.3620634908675884, 3.054915312850233, 21.1480569329352]
[-2.3620634908675884, 3.054915312850233, 21.1480569329352]
[-2.3728143439386407, 3.1828006164551925, 21.333528025468894]
[-2.4102095239866053, 3.3182633834008937, 21.56948532836436]
[-2.410229101573737, 3.1127328659273923, 21.569911476223343]
[-2.410229101573737, 3.1127328659273923, 21.569911476223343]
[-2.4437717414024838, 3.1848754810776176, 21.369494641246483]
[-2.4102211254399117, 3.3181564530943195, 21.572217761343985]
[-2.4102211254399117, 3.3181564530943195, 21.572217761343985]
[-2.4102211254399117, 3.3181564530943195, 21.572217761343985]
[-2.491882462905624, 3.45368176566187, 21.8004954485411]
[-2.491882462905624, 3.45368176566187, 21.8004954485411]
[-2.491882462905624, 3.45368176566187, 21.8004954485411]
[-2.491882462905624, 3.45368176566187, 21.8004954485411]
[-2.4815635623239873, 3.459558684315147, 21.80121626342565]
[-2.4815635623239873, 3.459558684315147, 21.80121626342565]
[-2.54065589630167, 3.532848644488946, 22.238040477451143]
[-2.4882921164026266, 3.5233464599544813, 22.256355778713687]
[-2.541940942551101, 3.5216489718252584, 22.2468134579671]
[-2.576133626787408, 3.662179000958503, 22.45727906293641]
[-2.576133626787408, 3.662179000958503, 22.45727906293641]
[-2.576133626787408, 3.662179000958503, 22.45727906293641]
[-2.523360562372592, 3.8730534574510913, 22.469708264965398]
[-2.522977115460611, 3.658487974167588, 22.46656257319037]
[-2.522977115460611, 3.658487974167588, 22.46656257319037]
[-2.522977115460611, 3.658487974167588, 22.46656257319037]
[-2.522977115460611, 3.658487974167588, 22.46656257319037]
[-2.5127210934629503, 3.6649300667817624, 22.473315792761902]
[-2.5127210934629503, 3.6649300667817624, 22.473315792761902]
[-2.523224006221015, 3.6703635993069357, 22.471460717086135]
[-2.595524651773092, 3.6002388938615892, 22.724374092050294]
[-2.523224006221015, 3.6703635993069357, 22.471460717086135]
[-2.595524651773092, 3.6002388938615892, 22.724374092050294]
[-2.548057448515049, 3.808228191670328, 22.688320400649218]
[-2.5671138984543913, 3.7460377733173833, 22.953167080880547]
[-2.5671138984543913, 3.7460377733173833, 22.953167080880547]
[-2.650168820593702, 3.895552837325755, 23.213248266849263]
[-2.650168820593702, 3.895552837325755, 23.213248266849263]
[-2.567212709551589, 3.959094819994047, 22.953701375282808]
[-2.650168820593702, 3.895552837325755, 23.213248266849263]
[-2.634863017381436, 3.8304058687464466, 23.446718932839097]
[-2.634863017381436, 3.8304058687464466, 23.446718932839097]
[-2.634863017381436, 3.8304058687464466, 23.446718932839097]
[-2.634863017381436, 3.8304058687464466, 23.446718932839097]
[-2.64647207606515, 4.04816258697018, 23.450531520547965]
[-2.662093023172761, 3.975699051261554, 23.684249291361205]
[-2.694717537410714, 3.9060666145761376, 23.968997332363408]
[-2.694717537410714, 3.9060666145761376, 23.968997332363408]
[-2.7078420491021706, 3.7589568770638837, 23.72714459864497]
[-2.7078420491021706, 3.7589568770638837, 23.72714459864497]
[-2.705019289820941, 3.898558317381911, 23.95984725416888]
[-2.694645335703285, 3.9064939734958597, 23.972296933743735]
[-2.694645335703285, 3.9064939734958597, 23.972296933743735]
[-2.694645335703285, 3.9064939734958597, 23.972296933743735]
[-2.7783904977191898, 4.077092517052368, 24.25519497882293]
[-2.6944072248473336, 4.12878227133646, 23.96979522336959]
[-2.6944072248473336, 4.12878227133646, 23.96979522336959]
[-2.727937038785854, 4.29864316830144, 24.26593094286173]
[-2.727937038785854, 4.29864316830144, 24.26593094286173]
[-2.68358895853117, 4.136288393337953, 23.98049650005718]
[-2.68358895853117, 4.136288393337953, 23.98049650005718]
[-2.68358895853117, 4.136288393337953, 23.98049650005718]
[-2.807510240945568, 3.997246196826141, 24.51144997359421]
[-2.803685900487036, 4.163142477546321, 24.821887827164716]
[-2.7455517228035586, 4.232867022224711, 24.52523112683089]
[-2.757166786038392, 4.226911028236142, 24.521762193623008]
[-2.7455517228035586, 4.232867022224711, 24.52523112683089]
[-2.7455517228035586, 4.232867022224711, 24.52523112683089]
[-2.8308257454262824, 4.399047717419009, 24.823747209066653]
[-2.8308257454262824, 4.399047717419009, 24.823747209066653]
[-2.8308257454262824, 4.399047717419009, 24.823747209066653]
[-2.8308257454262824, 4.399047717419009, 24.823747209066653]
[-2.8426401460671364, 4.404565500958461, 24.820784269214055]
[-2.834721118518216, 4.329064683869013, 25.09565894418399]
[-2.834721118518216, 4.329064683869013, 25.09565894418399]
[-2.834721118518216, 4.329064683869013, 25.09565894418399]
[-2.834721118518216, 4.329064683869013, 25.09565894418399]
[-2.834721118518216, 4.329064683869013, 25.09565894418399]
[-2.855190626291504, 4.399659922752038, 24.824639237578367]
[-2.855190626291504, 4.399659922752038, 24.824639237578367]
[-2.846552292229021, 4.561794283412687, 25.094260368468372]
[-2.8459583126705876, 4.5721299864120395, 25.091361591888194]
[-2.8459583126705876, 4.5721299864120395, 25.091361591888194]
[-2.9209369977411264, 4.499710685392806, 25.40478862564654]
[-2.9650218088382245, 4.671951845021084, 25.686010196180035]
[-2.9650218088382245, 4.671951845021084, 25.686010196180035]
[-2.9907218184119575, 4.61265359694345, 26.025367067741534]
[-2.90344710657351, 4.674556667385546, 25.697343901361087]
[-2.90344710657351, 4.674556667385546, 25.697343901361087]
[-2.90344710657351, 4.674556667385546, 25.697343901361087]
[-2.90344710657351, 4.674556667385546, 25.697343901361087]
[-2.90344710657351, 4.674556667385546, 25.697343901361087]
[-2.90344710657351, 4.674556667385546, 25.697343901361087]
[-2.90344710657351, 4.674556667385546, 25.697343901361087]
[-2.890813490637149, 4.679525562424775, 25.69684477948772]
[-3.023043011177123, 4.5453469153778805, 26.312126261331837]
[-2.923876229947512, 4.85000224461647, 25.986201757403986]
[-3.05019856989927, 4.72948362992047, 26.664793250567453]
[-3.05019856989927, 4.72948362992047, 26.664793250567453]
[-3.05019856989927, 4.72948362992047, 26.664793250567453]
[-2.9627703835606787, 4.78558202795237, 26.326913113989807]
[-2.9627703835606787, 4.78558202795237, 26.326913113989807]
[-2.9950822437476083, 4.957032865093286, 26.609427710985912]
[-2.9835332445983433, 4.965370858563015, 26.622756613408814]
[-2.9628160273594757, 4.786220450732372, 26.330119528492375]
[-2.9628160273594757, 4.786220450732372, 26.330119528492375]
[-3.0515025788510903, 4.983493695290589, 26.672521744036302]
[-3.0650639302699028, 4.9787014913458405, 26.67725704705785]
[-3.0650639302699028, 4.9787014913458405, 26.67725704705785]
[-3.0514319074559824, 4.909659727589339, 26.990768266929027]
[-3.0650639302699028, 4.9787014913458405, 26.67725704705785]
[-3.0650639302699028, 4.9787014913458405, 26.67725704705785]
[-3.0650639302699028, 4.9787014913458405, 26.67725704705785]
[-3.0650639302699028, 4.9787014913458405, 26.67725704705785]
[-3.0650639302699028, 4.9787014913458405, 26.67725704705785]
[-3.064096730192402, 5.159980509194573, 26.988761725816406]
[-3.051341993014541, 5.166069158993077, 26.992694502108016]
[-3.1418495874017336, 5.362249418841231, 27.356102194125555]
[-3.1418495874017336, 5.362249418841231, 27.356102194125555]
[-3.051490478710079, 5.4171567869364265, 26.99353921421771]
[-3.051490478710079, 5.4171567869364265, 26.99353921421771]
[-3.051490478710079, 5.4171567869364265, 26.99353921421771]
[-3.1414272951479374, 5.620533153455176, 27.349415538183163]
[-3.144092964670348, 5.552447008097793, 27.683048380931517]
[-3.1310182549340433, 5.559027924952681, 27.687594087992583]
[-3.1310182549340433, 5.559027924952681, 27.687594087992583]
[-3.1310182549340433, 5.559027924952681, 27.687594087992583]
[-3.1310182549340433, 5.559027924952681, 27.687594087992583]
[-3.1310182549340433, 5.559027924952681, 27.687594087992583]
[-3.2084248834713662, 5.504145414044084, 28.063473803811416]
[-3.2226446534162263, 5.765923911438568, 28.070808836252535]
[-3.2605333307168456, 5.707165799372947, 28.406565204879826]
[-3.228392656348375, 5.965638270727117, 28.414154149989233]
[-3.3042977449417776, 5.926331213535458, 28.794151494893043]
[-3.3042977449417776, 5.926331213535458, 28.794151494893043]
[-3.2208402150204556, 5.774175527166517, 28.051494364785746]
[-3.2208402150204556, 5.774175527166517, 28.051494364785746]
[-3.2208402150204556, 5.774175527166517, 28.051494364785746]
[-3.2277684855396194, 5.6965648513598435, 28.41359245124474]
[-3.3073610573848202, 5.922025172661602, 28.81657741757199]
[-3.2151807577089775, 5.704468987925371, 28.4254270426894]
[-3.224008265371631, 5.767279065968346, 28.077156082007154]
[-3.224008265371631, 5.767279065968346, 28.077156082007154]
[-3.275749967459931, 5.701928319438555, 28.414323790020145]
[-3.224008265371631, 5.767279065968346, 28.077156082007154]
[-3.224008265371631, 5.767279065968346, 28.077156082007154]
[-3.224008265371631, 5.767279065968346, 28.077156082007154]
[-3.228555799942876, 5.968453471937362, 28.423184348589466]
[-3.228555799942876, 5.968453471937362, 28.423184348589466]
[-3.2151325077943187, 5.974358420368637, 28.427045878293484]
[-3.2151325077943187, 5.974358420368637, 28.427045878293484]
[-3.309390869898241, 6.192830979800011, 28.830791021399314]
[-3.2151325077943187, 5.974358420368637, 28.427045878293484]
[-3.309390869898241, 6.192830979800011, 28.830791021399314]
[-3.309390869898241, 6.192830979800011, 28.830791021399314]
[-3.309390869898241, 6.192830979800011, 28.830791021399314]
[-3.309390869898241, 6.192830979800011, 28.830791021399314]
[-3.3169628630304113, 6.138980764300244, 29.19215775033259]
[-3.3169628630304113, 6.138980764300244, 29.19215775033259]
[-3.3169628630304113, 6.138980764300244, 29.19215775033259]
[-3.3169628630304113, 6.138980764300244, 29.19215775033259]
[-3.3169628630304113, 6.138980764300244, 29.19215775033259]
[-3.3169628630304113, 6.138980764300244, 29.19215775033259]
[-3.3169628630304113, 6.138980764300244, 29.19215775033259]
[-3.399396940339857, 6.085806178392054, 29.6266809135085]
[-3.411107857371582, 6.3014902105740696, 30.010443784634493]
[-3.411107857371582, 6.3014902105740696, 30.010443784634493]
[-3.411107857371582, 6.3014902105740696, 30.010443784634493]
[-3.425858528375383, 6.309290646597523, 30.01473935422789]
[-3.411107857371582, 6.3014902105740696, 30.010443784634493]
[-3.428412623947529, 6.086534270240221, 29.62720079001773]
[-3.428412623947529, 6.086534270240221, 29.62720079001773]
[-3.428412623947529, 6.086534270240221, 29.62720079001773]
[-3.428412623947529, 6.086534270240221, 29.62720079001773]
[-3.428412623947529, 6.086534270240221, 29.62720079001773]
[-3.428412623947529, 6.086534270240221, 29.62720079001773]
[-3.428412623947529, 6.086534270240221, 29.62720079001773]
[-3.457861825124372, 6.022760971981011, 30.011179524388464]
[-3.508804781742197, 6.2601451875566045, 30.45853037779798]
[-3.508804781742197, 6.2601451875566045, 30.45853037779798]
[-3.508804781742197, 6.2601451875566045, 30.45853037779798]
[-3.57017813957154, 6.491669249604798, 30.86831891273092]
[-3.57017813957154, 6.491669249604798, 30.86831891273092]
[-3.57017813957154, 6.491669249604798, 30.86831891273092]
[-3.57017813957154, 6.491669249604798, 30.86831891273092]
[-3.5564265221511557, 6.7794027622404425, 30.876368955906287]
[-3.496061799420358, 6.5461736500703935, 30.4743602620184]
[-3.5564265221511557, 6.7794027622404425, 30.876368955906287]
[-3.496061799420358, 6.5461736500703935, 30.4743602620184]
[-3.496061799420358, 6.5461736500703935, 30.4743602620184]
[-3.5562112226517715, 6.486113246690183, 30.875070978189022]
[-3.509811413866353, 6.539123425738434, 30.46517267122349]
[-3.496061799420358, 6.5461736500703935, 30.4743602620184]
[-3.496061799420358, 6.5461736500703935, 30.4743602620184]
[-3.509811413866353, 6.539123425738434, 30.46517267122349]
[-3.509811413866353, 6.539123425738434, 30.46517267122349]
[-3.496061799420358, 6.5461736500703935, 30.4743602620184]
[-3.509811413866353, 6.539123425738434, 30.46517267122349]
[-3.509811413866353, 6.539123425738434, 30.46517267122349]
[-3.5257617501700436, 6.78223725463901, 30.886027165686798]
[-3.5257617501700436, 6.78223725463901, 30.886027165686798]
[-3.5257617501700436, 6.78223725463901, 30.886027165686798]
[-3.5257617501700436, 6.78223725463901, 30.886027165686798]
[-3.5257617501700436, 6.78223725463901, 30.886027165686798]
[-3.5257617501700436, 6.78223725463901, 30.886027165686798]
[-3.6106293216684717, 6.737890480531613, 31.35034928461849]
[-3.5257617501700436, 6.78223725463901, 30.886027165686798]
[-3.6106293216684717, 6.737890480531613, 31.35034928461849]
[-3.595735461775911, 6.731897395281518, 31.351798038049868]
[-3.595735461775911, 6.731897395281518, 31.351798038049868]
[-3.612978432122892, 6.974748713552693, 31.776983532667153]
[-3.7180635744704196, 7.244397228806065, 32.29359954783953]
[-3.727228777250878, 7.188635478743722, 32.767788659026955]
[-3.727228777250878, 7.188635478743722, 32.767788659026955]
[-3.61499696575457, 6.973004045162925, 31.794439461153644]
[-3.61499696575457, 6.973004045162925, 31.794439461153644]
[-3.61499696575457, 6.973004045162925, 31.794439461153644]
[-3.61499696575457, 6.973004045162925, 31.794439461153644]
[-3.6659755017785915, 6.923486051712922, 32.23892123104008]
[-3.61499696575457, 6.973004045162925, 31.794439461153644]
[-3.6659755017785915, 6.923486051712922, 32.23892123104008]
[-3.735784630981983, 6.941716553682782, 32.311253995143716]
[-3.615803887983054, 6.98542874546949, 31.80346998332394]
[-3.787516573762934, 6.8900132858578695, 32.764008954456955]
[-3.7193137256397355, 6.933791448018518, 32.30284507717519]
[-3.7433620171549995, 7.197221357615019, 32.776327236795886]
[-3.772630907919114, 6.884841073453133, 32.77108760514803]
[-3.7433620171549995, 7.197221357615019, 32.776327236795886]
[-3.772630907919114, 6.884841073453133, 32.77108760514803]
[-3.8427396229806496, 7.142819891450418, 33.24683477495361]
[-3.8427396229806496, 7.142819891450418, 33.24683477495361]
[-3.9055903141684265, 7.424994109099319, 33.796457907502756]
[-3.9055903141684265, 7.424994109099319, 33.796457907502756]
[-3.9055903141684265, 7.424994109099319, 33.796457907502756]
[-3.9055903141684265, 7.424994109099319, 33.796457907502756]
[-3.8342281998091114, 7.475312885558182, 33.31096050052387]
[-3.9055903141684265, 7.424994109099319, 33.796457907502756]
[-3.9055903141684265, 7.424994109099319, 33.796457907502756]
[-3.9227010624468024, 7.41983386571488, 33.80134697263677]
[-3.9227010624468024, 7.41983386571488, 33.80134697263677]
[-3.834304054842625, 7.463266828239102, 33.30963872893005]
[-3.904746667299927, 7.4098714013258755, 33.78595433990289]
[-3.9227010624468024, 7.41983386571488, 33.80134697263677]
[-3.8456551394364014, 7.4265356253766015, 33.80716989569806]
[-3.8456551394364014, 7.4265356253766015, 33.80716989569806]
[-3.8456551394364014, 7.4265356253766015, 33.80716989569806]
[-3.8456551394364014, 7.4265356253766015, 33.80716989569806]
[-3.8456551394364014, 7.4265356253766015, 33.80716989569806]
[-3.8456551394364014, 7.4265356253766015, 33.80716989569806]
[-3.8456551394364014, 7.4265356253766015, 33.80716989569806]
[-3.8456551394364014, 7.4265356253766015, 33.80716989569806]
[-3.8456551394364014, 7.4265356253766015, 33.80716989569806]
[-3.9052896452065102, 7.697341288311929, 34.32644311899607]
[-3.9052896452065102, 7.697341288311929, 34.32644311899607]
[-3.9724535613005556, 7.6597806734300775, 34.91171108465463]
[-3.9724535613005556, 7.6597806734300775, 34.91171108465463]
[-3.9724535613005556, 7.6597806734300775, 34.91171108465463]
[-3.9724535613005556, 7.6597806734300775, 34.91171108465463]
[-3.9724535613005556, 7.6597806734300775, 34.91171108465463]
[-3.9724535613005556, 7.6597806734300775, 34.91171108465463]
[-3.9565207847146544, 7.3924935571474135, 34.38240874850291]
[-3.9724535613005556, 7.6597806734300775, 34.91171108465463]
[-3.9562175132907265, 7.667211251323777, 34.9193277203719]
[-3.9565207847146544, 7.3924935571474135, 34.38240874850291]
[-4.016176762453429, 7.9438703653225575, 35.443604513109925]
[-3.941410698131462, 7.388721445069448, 34.39460202481665]
[-3.97252764863292, 7.660993921104051, 34.9159305996259]
[-4.060214711432429, 7.960877311598159, 35.528352159232824]
[-4.060214711432429, 7.960877311598159, 35.528352159232824]
[-4.105047703779818, 7.967971446222197, 35.53304040573419]
[-4.060214711432429, 7.960877311598159, 35.528352159232824]
[-4.060214711432429, 7.960877311598159, 35.528352159232824]
[-4.060214711432429, 7.960877311598159, 35.528352159232824]
[-4.060214711432429, 7.960877311598159, 35.528352159232824]
[-4.060214711432429, 7.960877311598159, 35.528352159232824]
[-4.105047703779818, 7.967971446222197, 35.53304040573419]
[-4.105047703779818, 7.967971446222197, 35.53304040573419]
[-4.060214711432429, 7.960877311598159, 35.528352159232824]
[-4.105047703779818, 7.967971446222197, 35.53304040573419]
[-4.105047703779818, 7.967971446222197, 35.53304040573419]
[-4.105047703779818, 7.967971446222197, 35.53304040573419]
[-4.105047703779818, 7.967971446222197, 35.53304040573419]
[-4.060214711432429, 7.960877311598159, 35.528352159232824]
[-4.060214711432429, 7.960877311598159, 35.528352159232824]
[-4.060214711432429, 7.960877311598159, 35.528352159232824]
[-4.105047703779818, 7.967971446222197, 35.53304040573419]
[-4.060214711432429, 7.960877311598159, 35.528352159232824]
[-4.060214711432429, 7.960877311598159, 35.528352159232824]
[-4.060214711432429, 7.960877311598159, 35.528352159232824]
[-4.060214711432429, 7.960877311598159, 35.528352159232824]
[-4.060214711432429, 7.960877311598159, 35.528352159232824]
[-4.060214711432429, 7.960877311598159, 35.528352159232824]
[-4.060214711432429, 7.960877311598159, 35.528352159232824]
[-4.105047703779818, 7.967971446222197, 35.53304040573419]
